  0        0 3.3
  0        0 3.3
  1   100000 2.3
  2   200000 8.3
  3   300000 7.0
  4   400000 9.0
  5   500000 10.0
  6   600000 10.0
  7   700000 15.0
  8   800000 19.0
  9   900000 16.0
 10  1000000 27.3
 11  1100000 36.7
 12  1200000 25.7
 13  1300000 36.3
 14  1400000 25.0
 15  1500000 46.0
 16  1600000 41.3
 17  1700000 40.7
 18  1800000 49.0
 19  1900000 38.7
 20  2000000 55.0
 21  2100000 44.3
 22  2200000 59.0
 23  2300000 55.0
 24  2400000 55.0
 25  2500000 61.7
 26  2600000 64.7
 27  2700000 53.3
 28  2800000 46.0
 29  2900000 65.3
 30  3000000 76.3
 31  3100000 46.3
 32  3200000 54.7
 33  3300000 34.7
 34  3400000 78.0
 35  3500000 50.7
 36  3600000 80.7
 37  3700000 86.3
 38  3800000 90.0
 39  3900000 96.3
 40  4000000 92.3
 41  4100000 65.3
 42  4200000 116.3
 43  4300000 95.7
 44  4400000 99.3
 45  4500000 134.7
 46  4600000 253.0
 47  4700000 123.0
 48  4800000 206.3
 49  4900000 167.7
 50  5000000 135.0
 51  5100000 105.3
 52  5200000 143.0
 53  5300000 148.3
 54  5400000 92.0
 55  5500000 78.7
 56  5600000 166.3
 57  5700000 114.3
 58  5800000 198.7
 59  5900000 83.7
 60  6000000 158.3
 61  6100000 122.7
 62  6200000 101.3
 63  6300000 192.7
 64  6400000 149.7
 65  6500000 175.7
 66  6600000 204.3
 67  6700000 40.3
 68  6800000 115.0
 69  6900000 266.3
 70  7000000 126.3
 71  7100000 144.3
 72  7200000 113.7
 73  7300000 100.7
 74  7400000 183.7
 75  7500000 146.7
 76  7600000 149.7
 77  7700000 149.7
 78  7800000 79.0
 79  7900000 107.3
 80  8000000 140.7
 81  8100000 137.0
 82  8200000 182.0
 83  8300000 129.3
 84  8400000 300.3
 85  8500000 168.3
 86  8600000 43.0
 87  8700000 235.3
 88  8800000 81.0
 89  8900000 155.0
 90  9000000 42.7
 91  9100000 64.3
 92  9200000 64.3
 93  9300000 32.3
 94  9400000 92.7
 95  9500000 71.7
 96  9600000 83.7
 97  9700000 56.0
 98  9800000 117.0
 99  9900000 138.0
100 10000000 49.0
101 10100000 125.3
102 10200000 238.0
103 10300000 309.0
104 10400000 147.0
105 10500000 198.0
106 10600000 327.3
107 10700000 34.7
108 10800000 222.3
109 10900000 318.0
110 11000000 44.0
111 11100000 308.0
112 11200000 239.7
113 11300000 143.0
114 11400000 263.7
115 11500000 217.0
116 11600000 148.7
117 11700000 293.0
118 11800000 166.0
119 11900000 111.7
120 12000000 97.0
121 12100000 102.3
122 12200000 161.0
123 12300000 110.0
124 12400000 250.0
125 12500000 299.3
126 12600000 65.3
127 12700000 209.7
128 12800000 132.7
129 12900000 237.0
130 13000000 146.3
131 13100000 181.3
132 13200000 181.0
133 13300000 124.0
134 13400000 235.7
135 13500000 346.0
136 13600000 165.0
137 13700000 279.7
138 13800000 195.3
139 13900000 354.3
140 14000000 245.3
141 14100000 240.7
142 14200000 134.7
143 14300000 137.0
144 14400000 283.0
145 14500000 213.0
146 14600000 227.3
147 14700000 37.3
148 14800000 217.3
149 14900000 339.3
150 15000000 148.0
151 15100000 224.7
152 15200000 122.3
153 15300000 132.0
154 15400000 135.3
155 15500000 231.3
156 15600000 224.0
157 15700000 227.0
158 15800000 162.7
159 15900000 348.3
160 16000000 234.7
161 16100000 304.7
162 16200000 131.7
163 16300000 27.3
164 16400000 218.3
165 16500000 122.7
166 16600000 61.3
167 16700000 137.0
168 16800000 289.3
169 16900000 255.0
170 17000000 335.7
171 17100000 192.0
172 17200000 331.7
173 17300000 257.7
174 17400000 358.7
175 17500000 182.7
176 17600000 111.3
177 17700000 195.0
178 17800000 139.0
179 17900000 154.3
180 18000000 69.7
181 18100000 161.3
182 18200000 142.7
183 18300000 235.0
184 18400000 143.3
185 18500000 277.7
186 18600000 159.3
187 18700000 312.0
188 18800000 259.3
189 18900000 146.3
190 19000000 305.3
191 19100000 214.3
192 19200000 194.0
193 19300000 150.3
194 19400000 136.7
195 19500000 334.3
196 19600000 243.7
197 19700000 161.3
198 19800000 209.0
199 19900000 230.3
200 20000000 271.0
201 20100000 184.7
202 20200000 149.7
203 20300000 358.0
204 20400000 129.0
205 20500000 266.0
206 20600000 261.0
207 20700000 237.0
208 20800000 202.0
209 20900000 125.3
210 21000000 247.0
211 21100000 170.3
212 21200000 244.0
213 21300000 216.3
214 21400000 251.7
215 21500000 204.7
216 21600000 306.3
217 21700000 169.3
218 21800000 159.0
219 21900000 203.0
220 22000000 282.0
221 22100000 316.7
222 22200000 54.7
223 22300000 172.7
224 22400000 184.3
225 22500000 165.0
226 22600000 48.0
227 22700000 45.0
228 22800000 231.3
229 22900000 280.7
230 23000000 155.7
231 23100000 180.0
232 23200000 145.7
233 23300000 193.7
234 23400000 243.3
235 23500000 156.3
236 23600000 160.0
237 23700000 190.3
238 23800000 191.0
239 23900000 43.7
240 24000000 90.7
241 24100000 48.7
242 24200000 168.3
243 24300000 146.3
244 24400000 231.7
245 24500000 173.3
246 24600000 177.0
247 24700000 149.0
248 24800000 194.0
249 24900000 249.3
250 25000000 302.3
251 25100000 113.7
252 25200000 146.3
253 25300000 39.7
254 25400000 145.7
255 25500000 224.3
256 25600000 232.0
257 25700000 164.0
258 25800000 247.7
259 25900000 147.3
260 26000000 140.3
261 26100000 219.3
262 26200000 258.0
263 26300000 320.7
264 26400000 259.0
265 26500000 149.7
266 26600000 246.0
267 26700000 151.0
268 26800000 220.7
269 26900000 58.7
270 27000000 100.7
271 27100000 292.0
272 27200000 232.7
273 27300000 149.3
274 27400000 267.3
275 27500000 90.0
276 27600000 158.3
277 27700000 208.3
278 27800000 147.3
279 27900000 320.7
280 28000000 213.3
281 28100000 177.3
282 28200000 85.7
283 28300000 57.7
284 28400000 207.3
285 28500000 198.0
286 28600000 206.7
287 28700000 258.7
288 28800000 189.7
289 28900000 280.7
290 29000000 375.3
291 29100000 287.7
292 29200000 262.0
293 29300000 275.3
294 29400000 142.7
295 29500000 105.3
296 29600000 166.0
297 29700000 139.7
298 29800000 272.3
299 29900000 42.0
300 30000000 112.0
301 30100000 209.7
302 30200000 30.7
303 30300000 342.3
304 30400000 166.3
305 30500000 100.7
306 30600000 173.0
307 30700000 53.0
308 30800000 296.7
309 30900000 335.0
310 31000000 177.3
311 31100000 56.3
312 31200000 362.0
313 31300000 173.3
314 31400000 310.3
315 31500000 301.3
