  0        0 4.3
  1   100000 1.7
  2   200000 3.0
  0        0 4.3
  1   100000 2.7
  2   200000 4.0
  3   300000 6.3
  4   400000 4.7
  5   500000 5.3
  6   600000 15.0
  7   700000 11.3
  8   800000 15.7
  9   900000 25.7
 10  1000000 26.0
 11  1100000 29.3
 12  1200000 41.3
  0        0 4.3
  1   100000 3.0
  2   200000 1.7
  3   300000 6.7
  4   400000 9.3
  5   500000 9.3
  6   600000 12.7
  7   700000 16.3
  8   800000 15.0
  9   900000 17.0
 10  1000000 26.7
 11  1100000 28.3
 12  1200000 24.7
 13  1300000 29.0
 14  1400000 32.0
 15  1500000 40.0
 16  1600000 34.7
 17  1700000 42.3
 18  1800000 43.7
 19  1900000 29.3
 20  2000000 52.3
 21  2100000 38.7
 22  2200000 73.7
 23  2300000 33.0
 24  2400000 36.3
 25  2500000 68.0
 26  2600000 43.7
 27  2700000 55.7
 28  2800000 146.3
 29  2900000 131.3
 30  3000000 84.7
 31  3100000 54.0
 32  3200000 72.7
 33  3300000 69.0
 34  3400000 47.0
 35  3500000 97.3
 36  3600000 96.0
 37  3700000 95.0
 38  3800000 114.7
 39  3900000 74.0
 40  4000000 97.3
 41  4100000 86.7
 42  4200000 114.7
 43  4300000 60.0
 44  4400000 103.7
 45  4500000 210.3
 46  4600000 30.7
 47  4700000 100.3
 48  4800000 67.7
 49  4900000 88.7
 50  5000000 171.0
 51  5100000 44.3
 52  5200000 176.0
 53  5300000 131.3
 54  5400000 119.3
 55  5500000 84.3
 56  5600000 67.7
 57  5700000 74.7
 58  5800000 171.7
 59  5900000 123.7
 60  6000000 117.0
 61  6100000 193.0
 62  6200000 113.0
 63  6300000 260.0
 64  6400000 71.3
 65  6500000 107.0
 66  6600000 79.0
 67  6700000 76.3
 68  6800000 129.7
 69  6900000 181.7
 70  7000000 70.0
 71  7100000 111.3
 72  7200000 118.0
 73  7300000 75.0
 74  7400000 64.7
 75  7500000 118.0
 76  7600000 141.0
 77  7700000 75.3
 78  7800000 26.0
 79  7900000 80.3
 80  8000000 202.3
 81  8100000 20.3
 82  8200000 210.0
 83  8300000 181.0
 84  8400000 47.0
 85  8500000 95.7
 86  8600000 122.0
 87  8700000 88.0
 88  8800000 146.0
 89  8900000 33.7
 90  9000000 87.7
 91  9100000 220.3
 92  9200000 32.3
 93  9300000 62.7
 94  9400000 93.3
 95  9500000 101.0
 96  9600000 21.0
 97  9700000 128.3
 98  9800000 226.3
 99  9900000 75.3
100 10000000 131.0
101 10100000 136.7
102 10200000 25.3
103 10300000 203.3
104 10400000 86.3
105 10500000 270.0
106 10600000 230.0
107 10700000 152.3
108 10800000 154.7
109 10900000 128.3
110 11000000 148.7
111 11100000 172.0
112 11200000 123.3
113 11300000 34.0
114 11400000 171.3
115 11500000 215.3
116 11600000 192.7
117 11700000 23.0
118 11800000 46.7
119 11900000 17.3
120 12000000 181.7
121 12100000 27.7
122 12200000 231.7
123 12300000 132.7
124 12400000 27.3
125 12500000 42.7
126 12600000 161.7
127 12700000 13.7
128 12800000 47.3
129 12900000 69.3
130 13000000 25.3
131 13100000 93.7
132 13200000 11.3
133 13300000 44.7
134 13400000 116.0
135 13500000 346.7
136 13600000 152.3
137 13700000 161.7
138 13800000 121.3
139 13900000 14.3
140 14000000 41.0
141 14100000 232.3
142 14200000 173.7
143 14300000 51.3
144 14400000 143.3
145 14500000 231.3
146 14600000 284.7
147 14700000 56.0
148 14800000 317.7
149 14900000 335.0
150 15000000 164.7
151 15100000 151.7
152 15200000 136.7
153 15300000 268.3
154 15400000 178.7
155 15500000 121.3
156 15600000 44.7
157 15700000 81.0
158 15800000 166.0
159 15900000 207.7
160 16000000 238.7
161 16100000 61.3
162 16200000 154.3
163 16300000 18.3
164 16400000 176.7
165 16500000 47.7
166 16600000 161.7
167 16700000 158.7
168 16800000 37.3
169 16900000 253.0
170 17000000 63.7
171 17100000 255.3
172 17200000 233.7
173 17300000 13.0
174 17400000 73.7
175 17500000 127.3
176 17600000 155.3
177 17700000 159.7
178 17800000 99.7
179 17900000 271.7
180 18000000 160.3
181 18100000 143.7
182 18200000 186.7
183 18300000 112.0
184 18400000 43.7
185 18500000 9.0
186 18600000 155.0
187 18700000 254.7
188 18800000 151.7
189 18900000 237.7
190 19000000 103.3
191 19100000 334.0
192 19200000 318.7
193 19300000 98.7
194 19400000 207.7
195 19500000 308.7
196 19600000 110.3
197 19700000 137.0
198 19800000 20.7
199 19900000 44.0
200 20000000 162.3
201 20100000 66.0
202 20200000 243.0
203 20300000 266.7
204 20400000 260.0
205 20500000 9.0
206 20600000 258.0
207 20700000 154.0
208 20800000 233.7
209 20900000 166.3
210 21000000 155.3
211 21100000 9.0
212 21200000 185.3
213 21300000 387.0
214 21400000 53.7
215 21500000 141.3
216 21600000 159.0
217 21700000 262.0
218 21800000 292.0
219 21900000 10.0
220 22000000 127.7
221 22100000 123.3
222 22200000 43.0
223 22300000 64.7
224 22400000 161.3
225 22500000 253.0
226 22600000 9.0
227 22700000 148.0
228 22800000 242.3
229 22900000 246.0
230 23000000 145.0
231 23100000 301.0
232 23200000 122.7
233 23300000 53.7
234 23400000 279.7
235 23500000 278.0
236 23600000 60.7
237 23700000 198.7
238 23800000 118.3
239 23900000 267.3
240 24000000 128.3
241 24100000 254.7
242 24200000 306.0
243 24300000 279.7
244 24400000 140.3
245 24500000 15.0
246 24600000 128.7
247 24700000 112.3
248 24800000 96.0
249 24900000 274.0
250 25000000 283.0
251 25100000 117.3
252 25200000 165.3
  0        0 4.3
  1   100000 3.7
