  0        0 4.3
  1   100000 3.7
  2   200000 3.0
  3   300000 5.0
  4   400000 6.7
  5   500000 10.3
  6   600000 11.0
  7   700000 14.7
  8   800000 14.7
  9   900000 18.7
 10  1000000 25.0
 11  1100000 21.0
 12  1200000 29.0
 13  1300000 36.3
 14  1400000 33.3
 15  1500000 41.0
 16  1600000 33.3
 17  1700000 40.7
 18  1800000 38.0
 19  1900000 32.0
 20  2000000 42.7
 21  2100000 41.7
 22  2200000 33.7
 23  2300000 62.7
 24  2400000 34.7
 25  2500000 40.7
 26  2600000 63.0
 27  2700000 54.3
 28  2800000 55.0
 29  2900000 46.7
 30  3000000 91.7
 31  3100000 48.3
 32  3200000 138.3
 33  3300000 39.3
 34  3400000 41.3
 35  3500000 98.7
 36  3600000 87.0
 37  3700000 82.3
 38  3800000 65.0
 39  3900000 96.0
 40  4000000 42.7
 41  4100000 68.0
 42  4200000 93.7
 43  4300000 115.0
 44  4400000 64.3
 45  4500000 47.0
 46  4600000 131.3
 47  4700000 125.0
 48  4800000 63.7
 49  4900000 33.0
 50  5000000 121.0
 51  5100000 61.7
 52  5200000 95.3
 53  5300000 52.7
 54  5400000 104.7
 55  5500000 144.3
 56  5600000 108.3
 57  5700000 166.0
 58  5800000 148.3
 59  5900000 63.3
 60  6000000 190.7
 61  6100000 144.0
 62  6200000 125.0
 63  6300000 52.3
 64  6400000 118.0
 65  6500000 61.0
 66  6600000 42.7
 67  6700000 185.3
 68  6800000 70.3
 69  6900000 129.0
 70  7000000 174.7
 71  7100000 111.0
 72  7200000 40.3
 73  7300000 64.7
 74  7400000 82.7
 75  7500000 183.3
 76  7600000 81.0
 77  7700000 151.0
 78  7800000 44.0
 79  7900000 86.0
 80  8000000 20.0
 81  8100000 173.3
 82  8200000 123.0
 83  8300000 138.3
 84  8400000 30.3
 85  8500000 213.3
 86  8600000 89.0
 87  8700000 37.0
 88  8800000 152.7
 89  8900000 277.0
 90  9000000 28.7
 91  9100000 65.7
 92  9200000 154.3
 93  9300000 46.0
 94  9400000 34.0
 95  9500000 38.7
 96  9600000 86.7
 97  9700000 104.0
 98  9800000 87.0
 99  9900000 237.0
100 10000000 106.7
101 10100000 29.3
102 10200000 181.3
103 10300000 143.0
104 10400000 55.7
105 10500000 131.3
106 10600000 32.0
107 10700000 64.7
108 10800000 197.3
109 10900000 248.0
110 11000000 124.0
111 11100000 250.3
112 11200000 27.0
113 11300000 139.7
114 11400000 165.3
115 11500000 173.3
116 11600000 233.7
117 11700000 167.0
118 11800000 233.0
119 11900000 144.0
120 12000000 337.3
121 12100000 171.3
122 12200000 143.3
123 12300000 95.7
124 12400000 150.0
125 12500000 139.3
126 12600000 61.7
127 12700000 186.0
128 12800000 268.3
129 12900000 131.0
130 13000000 252.7
131 13100000 253.0
132 13200000 14.7
133 13300000 103.3
134 13400000 267.0
135 13500000 286.0
136 13600000 46.7
137 13700000 242.3
138 13800000 82.7
139 13900000 84.3
140 14000000 49.0
141 14100000 99.3
142 14200000 57.0
143 14300000 146.0
144 14400000 297.3
145 14500000 9.0
146 14600000 179.3
147 14700000 132.0
148 14800000 25.7
149 14900000 51.7
150 15000000 153.0
151 15100000 135.0
152 15200000 231.0
153 15300000 278.0
154 15400000 109.3
155 15500000 251.0
156 15600000 167.0
157 15700000 185.3
158 15800000 313.7
159 15900000 62.0
160 16000000 91.3
161 16100000 158.3
162 16200000 159.7
163 16300000 264.0
164 16400000 131.0
165 16500000 152.0
166 16600000 57.3
167 16700000 22.7
168 16800000 155.0
169 16900000 244.3
170 17000000 119.0
171 17100000 173.3
172 17200000 15.7
173 17300000 120.3
174 17400000 152.3
175 17500000 60.7
176 17600000 45.3
177 17700000 154.7
178 17800000 128.3
179 17900000 48.7
180 18000000 188.0
181 18100000 147.3
182 18200000 148.3
183 18300000 90.7
184 18400000 179.0
185 18500000 269.0
186 18600000 161.3
187 18700000 146.7
188 18800000 16.3
189 18900000 128.3
190 19000000 149.7
191 19100000 134.7
192 19200000 26.3
193 19300000 135.0
194 19400000 330.3
195 19500000 190.7
196 19600000 222.0
197 19700000 163.0
198 19800000 113.7
199 19900000 104.3
200 20000000 301.0
201 20100000 188.7
202 20200000 72.7
203 20300000 65.0
204 20400000 252.3
205 20500000 203.0
206 20600000 20.0
207 20700000 283.0
208 20800000 173.7
209 20900000 163.7
210 21000000 233.0
211 21100000 132.0
212 21200000 185.7
213 21300000 130.0
214 21400000 111.3
215 21500000 222.3
216 21600000 18.0
217 21700000 145.0
218 21800000 155.7
219 21900000 133.3
220 22000000 147.7
221 22100000 240.0
222 22200000 279.0
223 22300000 31.0
224 22400000 151.7
225 22500000 18.0
226 22600000 34.7
227 22700000 84.3
228 22800000 270.3
229 22900000 43.7
230 23000000 234.7
231 23100000 214.0
232 23200000 23.7
233 23300000 242.7
234 23400000 57.7
235 23500000 141.7
236 23600000 130.0
237 23700000 145.0
238 23800000 217.0
239 23900000 190.3
240 24000000 159.7
241 24100000 226.7
242 24200000 123.3
243 24300000 262.3
244 24400000 50.0
245 24500000 151.7
246 24600000 166.7
247 24700000 187.0
248 24800000 145.0
249 24900000 101.0
