  0        0 3.3
  1   100000 4.3
  2   200000 9.0
  3   300000 6.0
  4   400000 11.7
  5   500000 9.3
  6   600000 12.0
  7   700000 18.7
  8   800000 14.3
  9   900000 16.7
 10  1000000 23.7
 11  1100000 22.7
 12  1200000 20.3
 13  1300000 26.0
 14  1400000 31.0
 15  1500000 29.7
 16  1600000 30.0
 17  1700000 49.7
 18  1800000 42.0
 19  1900000 44.0
 20  2000000 46.3
 21  2100000 47.0
 22  2200000 53.0
 23  2300000 67.3
 24  2400000 64.3
 25  2500000 66.7
 26  2600000 40.0
 27  2700000 66.3
 28  2800000 49.7
 29  2900000 91.3
 30  3000000 83.0
 31  3100000 97.3
 32  3200000 92.0
 33  3300000 50.3
 34  3400000 112.0
 35  3500000 81.3
 36  3600000 85.7
 37  3700000 65.7
 38  3800000 66.7
 39  3900000 154.0
 40  4000000 139.7
 41  4100000 86.7
 42  4200000 74.3
 43  4300000 138.3
 44  4400000 123.7
 45  4500000 83.0
 46  4600000 140.3
 47  4700000 95.3
 48  4800000 111.3
 49  4900000 38.3
 50  5000000 111.7
 51  5100000 46.3
 52  5200000 113.3
 53  5300000 82.7
 54  5400000 159.7
 55  5500000 68.3
 56  5600000 105.3
 57  5700000 71.0
 58  5800000 40.3
 59  5900000 85.0
 60  6000000 134.3
 61  6100000 144.3
 62  6200000 39.7
 63  6300000 93.3
 64  6400000 180.3
 65  6500000 231.7
 66  6600000 83.0
 67  6700000 67.7
 68  6800000 279.7
 69  6900000 90.0
 70  7000000 126.3
 71  7100000 99.0
 72  7200000 183.7
 73  7300000 144.7
 74  7400000 97.3
 75  7500000 269.3
 76  7600000 301.7
 77  7700000 107.0
 78  7800000 116.3
 79  7900000 116.7
 80  8000000 264.3
 81  8100000 170.7
 82  8200000 179.3
 83  8300000 113.0
 84  8400000 47.3
 85  8500000 263.7
 86  8600000 225.3
 87  8700000 147.3
 88  8800000 166.0
 89  8900000 149.0
 90  9000000 113.7
 91  9100000 190.3
 92  9200000 207.0
 93  9300000 276.3
 94  9400000 85.0
 95  9500000 217.7
 96  9600000 48.3
 97  9700000 169.0
 98  9800000 68.0
 99  9900000 88.7
100 10000000 90.0
101 10100000 205.0
102 10200000 64.0
103 10300000 150.3
104 10400000 239.0
105 10500000 252.3
106 10600000 285.3
107 10700000 38.0
108 10800000 177.0
109 10900000 114.3
110 11000000 273.3
111 11100000 251.7
112 11200000 205.0
113 11300000 72.7
114 11400000 337.3
115 11500000 58.3
116 11600000 137.3
117 11700000 166.3
118 11800000 101.3
119 11900000 183.0
120 12000000 145.0
121 12100000 205.7
122 12200000 206.3
123 12300000 251.0
124 12400000 177.0
125 12500000 118.0
126 12600000 161.3
127 12700000 134.7
128 12800000 239.7
129 12900000 254.0
130 13000000 307.3
131 13100000 245.3
132 13200000 64.7
133 13300000 160.7
134 13400000 116.3
135 13500000 251.7
136 13600000 195.3
137 13700000 251.3
138 13800000 76.7
139 13900000 123.0
140 14000000 249.7
141 14100000 207.0
142 14200000 268.0
143 14300000 54.3
144 14400000 145.0
145 14500000 239.0
146 14600000 59.0
147 14700000 147.0
148 14800000 207.3
149 14900000 201.7
150 15000000 153.7
151 15100000 204.3
152 15200000 80.3
153 15300000 161.7
154 15400000 46.7
155 15500000 167.0
156 15600000 183.0
157 15700000 136.0
158 15800000 65.0
159 15900000 178.3
160 16000000 80.3
161 16100000 216.3
162 16200000 221.7
163 16300000 115.7
164 16400000 238.0
165 16500000 172.7
166 16600000 202.0
167 16700000 115.7
168 16800000 221.3
169 16900000 281.3
170 17000000 82.7
171 17100000 194.0
172 17200000 127.7
173 17300000 174.0
174 17400000 166.7
175 17500000 122.0
176 17600000 88.3
177 17700000 179.7
178 17800000 165.3
179 17900000 96.3
180 18000000 113.0
181 18100000 76.3
182 18200000 125.3
183 18300000 80.3
184 18400000 32.0
185 18500000 251.7
186 18600000 170.0
187 18700000 99.0
188 18800000 218.3
189 18900000 357.0
190 19000000 170.0
191 19100000 44.7
192 19200000 154.0
193 19300000 260.7
194 19400000 75.7
195 19500000 154.0
196 19600000 186.7
197 19700000 203.3
198 19800000 113.7
199 19900000 220.3
200 20000000 234.7
201 20100000 52.0
202 20200000 223.0
203 20300000 151.3
204 20400000 195.3
205 20500000 230.3
206 20600000 45.3
207 20700000 47.3
208 20800000 82.3
209 20900000 36.3
210 21000000 209.7
211 21100000 136.3
212 21200000 129.0
213 21300000 144.0
214 21400000 141.0
215 21500000 158.0
216 21600000 206.7
217 21700000 50.3
218 21800000 189.0
219 21900000 140.0
220 22000000 104.0
221 22100000 246.7
222 22200000 218.0
223 22300000 154.7
224 22400000 311.7
225 22500000 94.7
226 22600000 256.7
227 22700000 341.0
228 22800000 163.0
229 22900000 277.3
230 23000000 210.3
231 23100000 162.3
232 23200000 162.3
233 23300000 216.7
234 23400000 182.7
235 23500000 75.0
236 23600000 201.3
237 23700000 169.7
238 23800000 215.7
239 23900000 255.7
240 24000000 233.0
241 24100000 209.7
242 24200000 61.7
243 24300000 174.0
244 24400000 221.3
245 24500000 256.7
246 24600000 208.0
247 24700000 77.0
248 24800000 90.3
249 24900000 75.0
250 25000000 152.3
251 25100000 74.0
252 25200000 253.3
253 25300000 163.7
254 25400000 250.3
255 25500000 121.3
256 25600000 261.0
257 25700000 137.7
258 25800000 242.3
259 25900000 175.3
260 26000000 243.3
261 26100000 259.0
262 26200000 252.3
263 26300000 332.0
264 26400000 139.0
265 26500000 81.0
266 26600000 194.7
267 26700000 141.0
268 26800000 91.3
269 26900000 60.3
270 27000000 241.0
271 27100000 169.7
272 27200000 165.7
273 27300000 166.7
274 27400000 247.3
